0.10110793744783363	0.16952739999997468	3.0270510125489714
0.10110794934036874	0.16927759999998135	3.058184189276283
0.10110795982034203	0.16902759999998804	3.089284996962923
0.10110796997383796	0.16877759999999473	3.120336989548602
0.10110798000295704	0.16852760000000142	3.1513417355147664
0.10110799991829386	0.16802810000000093	3.2131496498688294
0.10110801975234528	0.16752810000000043	3.2748336250270933
0.10110803956993031	0.16702809999999993	3.336332357772727
0.1011080593907531	0.16652809999999943	3.3976460059876774
0.1011080792240276	0.16602809999999893	3.4587746461353226
0.10110809907464649	0.16552809999999843	3.519718321314152
0.10110811894548223	0.16502809999999793	3.5804770588813324
0.10110813883834296	0.16452809999999743	3.6410508780165554
0.10110823868947444	0.16203209999999493	3.940671467654931
0.10110833563091282	0.169677399999979	3.0114736271837685
0.10110833897268294	0.15953209999999243	4.236151815919133
0.10110844012265395	0.15703209999998993	4.527012926426782
0.10110854196902047	0.15453209999998743	4.813254247232648
0.10110858290669168	0.15353209999998643	4.926457409813306
0.10110862395991818	0.15253209999998543	5.038921581110295
0.10110866512987321	0.15153209999998443	5.15064681109465
0.10110870641775102	0.15053209999998343	5.2616331497586994
0.10110874782478052	0.14953209999998243	5.371880647284892
0.10110878935225699	0.14853209999998143	5.4813893539702
0.10110883100146349	0.14753209999998043	5.5901593202868325
0.10110887277374873	0.14653209999997943	5.698190596869343
0.10110891467050717	0.14553209999997843	5.805483234563709
0.1011089566931877	0.14453209999997743	5.912037284407388
0.1011089988432556	0.14353209999997643	6.017852797671321
0.10110904112229042	0.14253209999997543	6.122929825845355
0.10110908353191088	0.14153209999997443	6.227268420648127
0.10110912607376335	0.14053209999997343	6.330868634090525
0.10110916874963431	0.13953209999997243	6.433730518334238
0.10110921156134445	0.13853209999997143	6.535854125975381
0.10110925451076636	0.13753209999997043	6.637239509708184
0.10110929759993416	0.13653209999996943	6.737886722711206
0.10110934083090486	0.13553209999996843	6.837795818310466
0.10110938420587988	0.13453209999996743	6.9369668502245725
0.1011094059480675	0.13403209999996693	6.986275609142262
0.10110942772709988	0.13353209999996643	7.035399872455308
0.1011094495433268	0.13303209999996593	7.0843396469429765
0.10110947139698373	0.13253209999996543	7.13309493943322
0.10110949328844875	0.13203209999996493	7.181665756788659
0.10110951521803871	0.13153209999996443	7.230052105874793
0.10110953718604793	0.13103209999996393	7.278253993636564
0.10110955919285235	0.13053209999996343	7.326271426915115
0.1011095812387892	0.13003209999996293	7.374104412749571
0.10110960332418369	0.12953209999996243	7.421752958067744
0.10110962544945996	0.12903209999996193	7.469217069918811
0.10110964761494451	0.12853209999996143	7.516496755247505
0.10110966982105156	0.12803209999996093	7.563592021210834
0.10110968545287675	0.1698273999999833	3.0032697996105955
0.10110969206817898	0.12753209999996043	7.610502874824703
0.10110971435666662	0.12703209999995993	7.65722932324614
0.10110973668701076	0.12653209999995943	7.70377137358998
0.10110975905959341	0.12603209999995893	7.750129033049047
0.10110978147486491	0.12553209999995843	7.796302308818882
0.10110980393325555	0.12503209999995793	7.842291208153303
0.10110982643523836	0.12453209999995743	7.888095738285142
0.10110984898125688	0.12403209999995693	7.933715906554613
0.10110987157184217	0.12353209999995643	7.979151720285157
0.10110989420741054	0.12303209999995593	8.02440318685449
0.10110991688854845	0.12253209999995543	8.069470313637213
0.10110993961572928	0.12203209999995493	8.114353108075845
0.1011099623895088	0.12153209999995443	8.159051577702998
0.10110998521043017	0.12103209999995393	8.203565729980937
0.1011100080790436	0.12053209999995343	8.247895572469238
0.10111003099595467	0.12003209999995293	8.292041112775623
0.10111005396171781	0.11953209999995243	8.33600235855295
0.10111007697699863	0.11903209999995193	8.379779317437608
0.10111010004235046	0.11853209999995143	8.423371997183365
0.10111012315849208	0.11803209999995093	8.46678040551798
0.10111014632602404	0.11753209999995043	8.510004550255656
0.10111016954566951	0.11703209999994993	8.553044439272442
0.10111019281804202	0.11653209999994943	8.595900080434056
0.10111021614399406	0.11603209999994893	8.638571481697547
0.10111023952414058	0.11553209999994843	8.681058651077004
0.10111026295927711	0.11503209999994793	8.723361596559723
0.10111028645022477	0.11453209999994743	8.765480326298682
0.10111030999772205	0.11403209999994693	8.8074148483993
0.10111033360263051	0.11353209999994643	8.84916517107622
0.10111035726577797	0.11303209999994593	8.890731302533394
0.1011103809880182	0.11253209999994543	8.932113251153663
0.10111040477021725	0.11203209999994493	8.97331102528717
0.10111042861338267	0.11153209999994443	9.014324633301039
0.10111045251838703	0.11103209999994393	9.055154083715811
0.1011104764862484	0.11053209999994343	9.095799385060566
0.10111050051791244	0.11003209999994293	9.136260545928792
0.10111052461442518	0.10953209999994243	9.176537575018006
0.10111054877689396	0.10903209999994193	9.216630481003538
0.10111057300630369	0.10853209999994143	9.256539272689052
0.10111059730383974	0.10803209999994093	9.296263958990169
0.1011106216706582	0.10753209999994043	9.335804548757357
0.10111064610792168	0.10703209999993993	9.37516105105469
0.10111067061682616	0.10653209999993943	9.414333474923696
0.10111069519866633	0.10603209999993893	9.453321829520828
0.10111071985473102	0.10553209999993843	9.49212612402359
0.10111074458630204	0.10503209999993793	9.530746367746643
0.10111076939480496	0.10453209999993743	9.569182570080354
0.10111079428162423	0.10403209999993693	9.607434740424099
0.10111081924816127	0.10353209999993643	9.645502888357077
0.10111084429601586	0.10303209999993593	9.683387023453903
0.10111086942662562	0.10253209999993543	9.721087155411166
0.1011108946416494	0.10203209999993493	9.75860329399044
0.10111091994264564	0.10153209999993443	9.795935449063037
0.1011109453313627	0.10103209999993393	9.833083630603769
0.10111097080950607	0.10053209999993343	9.87004784860308
0.10111099637883006	0.10003209999993293	9.906828113231207
0.10111102204117375	0.09953209999993243	9.943424434708476
0.101111047798521	0.09903209999993193	9.979836823298767
0.10111107365270584	0.09853209999993143	10.016065289472245
0.10111109960581138	0.09803209999993093	10.052109843695732
0.10111112565989701	0.09753209999993043	10.087970496571108
0.10111115181706513	0.09703209999992993	10.123647258835557
0.10111117807956413	0.09653209999992943	10.159140141285114
0.10111120444966777	0.09603209999992893	10.19444915481834
0.10111123092967578	0.09553209999992843	10.229574310454842
0.10111125752208261	0.09503209999992793	10.264515619338502
0.1011112842293201	0.09453209999992743	10.299273092664027
0.10111131105391313	0.09403209999992693	10.333846741746738
0.10111133799866184	0.09353209999992643	10.36823657811276
0.10111136506617015	0.09303209999992593	10.402442613232006
0.10111139225931896	0.09253209999992543	10.436464858842495
0.10111141958101816	0.09203209999992493	10.470303326692008
0.10111144703424597	0.09153209999992443	10.503958028719138
0.10111147462212877	0.09103209999992393	10.537428976895749
0.10111150234789637	0.09053209999992343	10.570716183385223
0.10111153021483515	0.09003209999992293	10.603819660454713
0.1011115582263412	0.08953209999992243	10.63673942046295
0.10111158638598759	0.08903209999992193	10.669475475904298
0.1011116146973774	0.08853209999992143	10.70202783941505
0.10111164316429741	0.08803209999992093	10.734396523711224
0.10111167179059953	0.08753209999992043	10.766581541698203
0.10111170058035326	0.08703209999991993	10.798582906335852
0.10111172953765928	0.08653209999991943	10.830400630767365
0.10111175866682594	0.08603209999991893	10.862034728216717
0.10111178797232463	0.08553209999991843	10.89348521201192
0.10111181745865258	0.08503209999991793	10.924752095729966
0.10111184713058807	0.08453209999991743	10.955835392965058
0.10111187699302679	0.08403209999991693	10.986735117414048
0.1011119070510514	0.08353209999991643	11.017451283004483
0.10111193730986749	0.08303209999991593	11.047983903757606
0.10111196777488339	0.08253209999991543	11.078332993719021
0.10111199845170374	0.08203209999991493	11.108498567212312
0.10111202934620218	0.08153209999991443	11.138480638606103
0.10111206046426711	0.08103209999991393	11.168279222386506
0.10111209181214215	0.08053209999991343	11.197894333154656
0.10111212339617888	0.08003209999991293	11.227325985707784
0.1011121552231962	0.07953209999991243	11.25657419486487
0.10111218729992186	0.07903209999991193	11.285638975676726
0.10111221963358467	0.07853209999991143	11.31452034321507
0.10111225223149121	0.07803209999991093	11.343218312670093
0.10111228510133459	0.07753209999991043	11.371732899449126
0.10111231825102536	0.07703209999990993	11.400064118899655
0.10111235168872659	0.07653209999990943	11.428211986686657
0.10111238542301823	0.07603209999990893	11.456176518369391
0.10111241946268083	0.07553209999990843	11.483957729772538
0.10111245381684458	0.07503209999990793	11.511555636731273
0.10111248849502388	0.07453209999990743	11.538970255175622
0.10111252350701679	0.07403209999990693	11.566201601175509
0.10111255886297997	0.07353209999990643	11.593249690886243
0.10111259457355103	0.07303209999990593	11.62011454049069
0.10111263064965395	0.07253209999990543	11.646796166270168
0.10111266710273085	0.07203209999990492	11.673294584589959
0.10111270394452194	0.07153209999990442	11.699609811891719
0.10111274118741266	0.07103209999990392	11.72574186460811
0.10111277884403448	0.07053209999990342	11.751690759325708
0.10111281692768219	0.07003209999990292	11.777456512640837
0.10111285545201705	0.06953209999990242	11.803039141110695
0.10111289443144984	0.06903209999990192	11.828438661419389
0.10111293388077613	0.06853209999990142	11.853655090234836
0.10111297381532422	0.06803209999990092	11.878688444242885
0.1011130142512161	0.06753209999990042	11.903538740149182
0.10111305520519745	0.06703209999989992	11.928205994592526
0.10111309669448905	0.06653209999989942	11.952690224316463
0.10111313873717372	0.06603209999989892	11.976991445914392
0.10111318135210776	0.06553209999989842	12.001109676004
0.1011132245587434	0.06503209999989792	12.025044931145445
0.10111326837751744	0.06453209999989742	12.048797227833452
0.10111331282950316	0.06403209999989692	12.072366582524932
0.1011133579369745	0.06353209999989642	12.09575301153196
0.10111340372270863	0.06303209999989592	12.118956531113453
0.10111345021087628	0.06253209999989542	12.141977157402895
0.10111349742627089	0.062032099999895576	12.164814906392536
0.10111354539508775	0.06153209999989577	12.187469793972284
0.10111359414439268	0.061032099999895964	12.209941835812362
0.10111364370261872	0.06053209999989616	12.232231047445106
0.10111369409935295	0.06003209999989635	12.254337444213924
0.10111374536542096	0.059532099999896546	12.276261041230994
0.10111379753309767	0.05903209999989674	12.298001853418382
0.10111381154456194	0.16997739999998762	3.0165154975991246
0.10111385063592472	0.05853209999989693	12.319559895381575
0.10111390470930845	0.05803209999989713	12.340935181540408
0.10111395978990576	0.05753209999989732	12.362127725972222
0.1011140159160698	0.057032099999897515	12.383137542477161
0.10111407312808163	0.05653209999989771	12.403964644522953
0.10111413146801161	0.0560320999998979	12.424609045232076
0.1011141909798495	0.055532099999898096	12.445070757320503
0.10111425170963974	0.05503209999989829	12.465349793144547
0.1011143137056196	0.054532099999898484	12.485446164627838
0.10111437701828686	0.05403209999989868	12.505359883279363
0.10111444170065406	0.05353209999989887	12.52509096010021
0.10111450780810377	0.053032099999899066	12.544639405592672
0.10111457539889332	0.05253209999989926	12.564005229830554
0.10111464453407419	0.05203209999989945	12.5831884422466
0.10111471527789719	0.05153209999989965	12.602189051704325
0.10111478769732331	0.05103209999989984	12.621007066544871
0.10111486186319495	0.050532099999900035	12.639642494429916
0.10111493784971415	0.05003209999990023	12.658095342392626
0.10111501573502571	0.04953209999990042	12.676365616702455
0.10111509560093994	0.049032099999900616	12.694453323039502
0.10111517753411962	0.04853209999990081	12.71235846626015
0.10111526162510762	0.048032099999901004	12.73008105048991
0.10111534796994484	0.0475320999999012	12.747621079018339
0.10111543666929174	0.04703209999990139	12.764978554333112
0.1011155278294291	0.046532099999901586	12.782153478005773
0.10111562156248827	0.04603209999990178	12.79914585075501
0.10111571798659327	0.04553209999990197	12.815955672383788
0.10111581722674286	0.04503209999990217	12.832582941713364
0.1011159194146098	0.04453209999990236	12.84902765658585
0.1011160246895719	0.044032099999902555	12.86528981373433
0.10111613319883227	0.04353209999990275	12.881369408964838
0.10111624509837569	0.04303209999990294	12.897266436927529
0.10111629603854759	0.17006759999999022	3.0244388225218057
0.10111636055300041	0.042532099999903136	12.91298089110358
0.1011164797374404	0.04203209999990333	12.928512763914734
0.10111660283684436	0.041532099999903524	12.943862046501067
0.10111673004730917	0.04103209999990372	12.959028728793388
0.10111686157726572	0.04053209999990391	12.974012799512074
0.10111699764766977	0.040032099999904106	12.98881424599821
0.10111713849363399	0.0395320999999043	13.00343305432374
0.10111728436477384	0.03903209999990449	13.017869209182384
0.10111743552671175	0.03853209999990469	13.032122693868386
0.10111759226231311	0.03803209999990488	13.046193490145637
0.10111775487296285	0.037532099999905075	13.060081578447464
0.10111792367996111	0.03703209999990527	13.073786937590638
0.10111809902580457	0.03653209999990546	13.087309544890374
0.10111828127672283	0.036032099999905656	13.100649376029608
0.10111847082367051	0.03553209999990585	13.113806405120629
0.10111866808504448	0.035032099999906044	13.12678060450809
0.10111887350845856	0.03453209999990624	13.139571944923455
0.10111905750191705	0.1701675999999931	3.033217626413474
0.10111908757364697	0.03403209999990643	13.15218039530325
0.10111931079480181	0.033532099999906625	13.164605922757262
0.10111954372408419	0.03303209999990682	13.176848492608896
0.10111978695424055	0.03253209999990701	13.188908068216344
0.10112004112300615	0.03203209999990721	13.200784610993116
0.10112030691645785	0.0315320999999074	13.212478080408278
0.10112058507424665	0.031032099999907442	13.223988433819489
0.10112087639345749	0.03053209999990729	13.235315626489799
0.1011211817353393	0.030032099999907136	13.246459611437693
0.10112150203048915	0.029532099999906983	13.257420339441625
0.10112156766917767	0.17026759999999597	3.0401843999257205
0.10112183828589885	0.02903209999990683	13.268197758935404
0.10112219159265577	0.028532099999906677	13.278791815876225
0.1011224784384672	0.17036759999999884	3.0359608033873062
0.10112256313411608	0.028032099999906523	13.289202453772083
0.1011229541956454	0.02753209999990637	13.299429613395372
0.10112336617496184	0.027032099999906217	13.309473232800068
0.10112352669745579	0.17050350000000267	3.028909315461178
0.1011238005938029	0.026532099999906064	13.319333247154907
0.1011239052981767	0.17055350000000133	3.026269071864746
0.10112425911183778	0.02603209999990591	13.329009588626525
0.10112430877043314	0.170607	3.0234347222827855
0.10112467805944007	0.1706559999999998	3.020838935282237
0.10112474354084132	0.025532099999905758	13.338502186082119
0.10112525586276425	0.025032099999905605	13.347810965081617
0.1011254292051177	0.1707559999999999	3.015529564998072
0.10112579824721724	0.024532099999905452	13.35693584758416
0.10112628419979564	0.17087	3.009476914825647
0.10112637307502946	0.0240320999999053	13.365876751733941
0.10112698296153366	0.023532099999905146	13.374633591569415
0.10112763078541134	0.023032099999904992	13.38320627676332
0.10112831972020794	0.02253209999990484	13.39159471229019
0.10112905327139766	0.022032099999904686	13.399798798016189
0.10112917025450961	0.171254999999997	2.989097912108674
0.10112983531830648	0.021532099999904533	13.407818428300942
0.10113067016321142	0.02103209999990438	13.415653491559407
0.1011315625859442	0.020532099999904227	13.423303869514875
0.10113251791062257	0.020032099999904074	13.430769436847326
0.10113292399210737	0.1717549999999975	2.962834921245728
0.10113354207959405	0.01953209999990392	13.438050060267953
0.10113464174244037	0.019032099999903768	13.44514559773997
0.10113582435945553	0.018532099999903615	13.452055897669986
0.10113668840337682	0.172254999999998	2.9368291437754173
0.10113709832232333	0.01803209999990346	13.458780797656914
0.10113847309891677	0.01753209999990331	13.465320123360627
0.10113995940411204	0.017032099999903155	13.471673687140129
0.10114046502115667	0.1727549999999985	2.911088341087812
0.10114156940342822	0.016532099999903002	13.47784128628277
0.1011433169597173	0.01603209999990285	13.483822701301513
0.10114425440761661	0.173254999999999	2.885613515640588
0.10114521792940265	0.015532099999902729	13.489617693584195
0.10114729052361345	0.01503209999990275	13.49522600293587
0.10114805681665318	0.1737549999999995	2.860403544619878
0.10114955575137867	0.01453209999990277	13.500647344640555
0.10115192179425483	0.174279999999991	2.8333196184456058
0.10115203796619827	0.01403209999990279	13.50588140576192
0.10115476554582052	0.01353209999990281	13.510927840997919
0.10115777174637296	0.01303209999990283	13.515786267726549
0.10115961404983322	0.175279999999992	2.784361241352303
0.10116109578311018	0.012532099999902851	13.520456259698127
0.1011647842139063	0.012032099999902872	13.524937339780369
0.10116735247093521	0.176279999999993	2.7363755055912184
0.10116889272925687	0.011532099999902892	13.529228970457249
0.10117348849256841	0.011032099999902912	13.53333054276694
0.1011751400209985	0.177279999999994	2.689361303304596
0.10117865324704241	0.010532099999902933	13.53724136166633
0.10118297868480036	0.178279999999995	2.6433108420183293
0.10118448749364901	0.010032099999902953	13.540960628085905
0.10119087091187239	0.179279999999996	2.5982191084799315
0.10119111620456982	0.009532099999902973	13.544487415797795
0.10119869677497131	0.009032099999902994	13.54782064160574
0.1011988210157343	0.180279999999997	2.554092419436134
0.10120683953189066	0.181279999999998	2.5109746479785118
0.10120743031259952	0.008532099999903014	13.550959026664453
0.10121495081305212	0.182279999999999	2.468991380390335
0.10121757801901317	0.008032099999903035	13.553901045227509
0.10122337782145846	0.1833	2.427657898808768
0.10122948553625474	0.007532099999903055	13.556644856816531
0.10123012531279324	0.18430000000000085	2.3788733835890516
0.10123871238604479	0.18530000000000185	2.3413863383901856
0.10124362009731137	0.007032099999903075	13.55918821460098
0.10124721089247148	0.18630000000000285	2.303854564712566
0.10125566899572956	0.18730000000000385	2.2665632848746156
0.10126062886379779	0.006532099999903096	13.56152834377606
0.10127224039261215	0.1892600000000031	2.1947914278135223
0.1012814334376013	0.006032099999903116	13.563661783494686
0.1012892417022607	0.19126000000000232	2.123864014287844
0.10130639312909011	0.19326000000000154	2.055492444813059
0.10130738832650407	0.005532099999903136	13.565584198716294
0.10132371775717015	0.19526000000000077	1.9896967962148113
0.10134055707364177	0.005032099999903157	13.567290198363068
0.10134262681935229	0.197425	1.9210226467465625
0.10136280412922555	0.19970000000000276	1.8523370855131134
0.10138421562587527	0.004532099999903177	13.568773249785945
0.10138524654193498	0.2022000000000025	1.7802603979401028
0.10140797072837544	0.2047000000000022	1.7115704904155007
0.10143097537480161	0.20720000000000194	1.6460921055859274
0.1014438236362802	0.0040320999999031975	13.570025757740089
0.10145425866427943	0.20970000000000166	1.5836573331970163
0.10147781849294077	0.2122000000000014	1.5241063226429343
0.10150165259744234	0.2147000000000011	1.4672874858833844
0.10152575863580518	0.21720000000000084	1.4130574145383077
0.10152905302936753	0.003532099999903218	13.571038629937386
0.10155013423603737	0.21970000000000056	1.3612806385316172
0.10157477702802586	0.2222000000000003	1.3118293000369956
0.10159968466101595	0.2247	1.264582786226293
0.10162536087959288	0.22725000000000606	1.2185448194306392
0.10162586704919041	0.22730000000000605	1.2176630862805762
0.10162637332213861	0.22735000000000605	1.2167821432256989
0.10162687969956484	0.22740000000000604	1.2159019909993944
0.10162738618073487	0.22745000000000604	1.2150226287641916
0.10162789276588492	0.22750000000000603	1.214144055692606
0.10162839945518556	0.22755000000000603	1.213266270966832
0.1016289062482327	0.22760000000000602	1.2123892737463593
0.1016294131455427	0.22765000000000601	1.2115130632148416
0.1016299201466157	0.227700000000006	1.210637638540987
0.10163042725143197	0.227750000000006	1.2097629989058627
0.10163093446045597	0.227800000000006	1.2088891434874651
0.10163144177302948	0.227850000000006	1.2080160714568384
0.10163194918975192	0.227900000000006	1.2071437820021333
0.10163245671020629	0.22795000000000598	1.206272274299642
0.10163296433442277	0.22800000000000598	1.2054015475267645
0.10163347206246708	0.22805000000000597	1.204531600868042
0.1016339798943387	0.22810000000000596	1.203662433509745
0.10163448782996666	0.22815000000000596	1.202794044629757
0.10163499586926952	0.22820000000000595	1.2019264334191284
0.1016355040124028	0.22825000000000595	1.2010595990625936
0.10163601225925352	0.22830000000000594	1.2001935407416164
0.10163652060967424	0.22835000000000594	1.1993282576461204
0.10163702906391045	0.22840000000000593	1.1984637489688754
0.1016375376218081	0.22845000000000593	1.197600013892512
0.10163804628332834	0.22850000000000592	1.1967370516150126
0.10163855504829498	0.22855000000000592	1.195874861322606
0.1016390639171727	0.2286000000000059	1.1950134422122998
0.10163957288956522	0.2286500000000059	1.1941527934718663
0.10164008196537581	0.2287000000000059	1.193292914300734
0.10164059114485519	0.2287500000000059	1.192433803893064
0.1016411004276809	0.2288000000000059	1.1915754614425076
0.10164160981435305	0.22885000000000588	1.1907178861468803
0.10164211930439863	0.22890000000000588	1.1898610772048859
0.10164262889793246	0.22895000000000587	1.1890050338175375
0.10164313859468592	0.22900000000000587	1.1881497551790026
0.10164364839533152	0.22905000000000586	1.1872952404982562
0.10164415829925377	0.22910000000000585	1.1864414889722088
0.10164466830648487	0.22915000000000585	1.1855884998033026
0.10164517841710863	0.22920000000000584	1.1847362721968893
0.10164568863089404	0.22925000000000584	1.1838848053592033
0.10164619894836156	0.22930000000000583	1.1830340984924541
0.10164670936902609	0.22935000000000583	1.1821841508033206
0.1016472198929917	0.22940000000000582	1.181334961504065
0.10164773052038985	0.22945000000000582	1.1804865297971214
0.10164824125107984	0.2295000000000058	1.1796388548923753
0.10164875208494696	0.2295500000000058	1.178791936004075
0.1016492630219914	0.2296000000000058	1.1779457723397713
0.1016497740623113	0.2296500000000058	1.1771003631133534
0.10165028520601513	0.2297000000000058	1.1762557075360627
0.10165079645272068	0.22975000000000578	1.1754118048241264
0.1016513078026083	0.22980000000000578	1.1745686541900546
0.10165181925579812	0.22985000000000577	1.1737262548519047
0.10165233081232472	0.22990000000000577	1.1728846060265226
0.10165284247146814	0.22995000000000576	1.1720437069259868
0.10165335423409369	0.23000000000000576	1.171203556777649
0.1016585769108136	0.0030320999999032382	13.571794866824852
0.1017050481634264	0.2350000000000052	1.0908404791295316
0.10175775564689377	0.24000000000000465	1.0172294127207724
0.10181145991843857	0.245	0.9497138588108266
0.10186614480409081	0.25	0.8877085971073692
0.10187398524305646	0.0025320999999032586	13.572225437726987
0.10192179466619376	0.255	0.830691312723456
0.10197839432766605	0.26	0.7781951933769482
0.10209438458781588	0.27000000000000135	0.6851394258574547
0.1023000569675024	0.002032099999903279	13.571908356309722
