 0.000000000000000E+0000  0.812329116238928E+0000  0.000000000000000E+0000 -0.331959646716178E+0001  0.100000000000000E+0001  0.000000000000000E+0000
 0.843913900632668E-0002  0.812329116238928E+0000  0.464482970182167E-0003 -0.331873978558790E+0001  0.999791852835527E+0000 -0.497371904555824E-0001
 0.168782780126534E-0001  0.812329116238928E+0000  0.188747310397099E-0002 -0.331611374710438E+0001  0.999153664427614E+0000 -0.101911538348594E+0000
 0.253573258036600E-0001  0.812329116238928E+0000  0.432484774458796E-0002 -0.331161042142790E+0001  0.998058752048842E+0000 -0.156751721262363E+0000
 0.338363735946667E-0001  0.812329116238928E+0000  0.781101644420861E-0002 -0.330515761421923E+0001  0.996488752255276E+0000 -0.213962303956435E+0000
 0.422676272949994E-0001  0.812329116238928E+0000  0.123514454450707E-0001 -0.329673253536433E+0001  0.994436930836313E+0000 -0.273126734343988E+0000
 0.506988809953322E-0001  0.812329116238928E+0000  0.179913631590072E-0001 -0.328623401820552E+0001  0.991877036323948E+0000 -0.334466021769038E+0000
 0.591574585776675E-0001  0.812329116238928E+0000  0.247771415115145E-0001 -0.327355294476949E+0001  0.988780336079799E+0000 -0.398071592904655E+0000
 0.676160361600028E-0001  0.812329116238928E+0000  0.327083670267220E-0001 -0.325866141864566E+0001  0.985137356036576E+0000 -0.463606248364830E+0000
 0.762081098761893E-0001  0.812329116238928E+0000  0.419462242608328E-0001 -0.324121958650734E+0001  0.980861518814156E+0000 -0.531979121603086E+0000
 0.848001835923759E-0001  0.812329116238928E+0000  0.523750005259674E-0001 -0.322140059426540E+0001  0.975991109299388E+0000 -0.601970897336826E+0000
 0.936607402830652E-0001  0.812329116238928E+0000  0.643671467655221E-0001 -0.319843696561091E+0001  0.970332084633821E+0000 -0.675605674914585E+0000
 0.102521296973754E+0000  0.812329116238928E+0000  0.775946490227787E-0001 -0.317288507089734E+0001  0.964015065389560E+0000 -0.750444569741131E+0000
 0.111888469956526E+0000  0.812329116238928E+0000  0.928847621717752E-0001 -0.314304615544039E+0001  0.956611052668200E+0000 -0.830533746919121E+0000
 0.121255642939297E+0000  0.812329116238928E+0000  0.109464027669132E+0000 -0.311030808602103E+0001  0.948453641440114E+0000 -0.911236020804488E+0000
 0.131219027812439E+0000  0.812329116238928E+0000  0.128434828917785E+0000 -0.307233240441751E+0001  0.938945986242923E+0000 -0.997275287345747E+0000
 0.141182412685582E+0000  0.812329116238928E+0000  0.148681569418812E+0000 -0.303115943336223E+0001  0.928582229558104E+0000 -0.108299360478611E+0001
 0.151567638429778E+0000  0.812329116238928E+0000  0.171011098600435E+0000 -0.298492752731313E+0001  0.916874965256968E+0000 -0.117139200829113E+0001
 0.161952864173975E+0000  0.812329116238928E+0000  0.194433738720967E+0000 -0.293543171462511E+0001  0.904257481662254E+0000 -0.125817450985339E+0001
 0.173179858116412E+0000  0.812329116238928E+0000  0.220777096478667E+0000 -0.287842922093287E+0001  0.889616944851775E+0000 -0.134940758567337E+0001
 0.184406852058850E+0000  0.812329116238928E+0000  0.247940211329117E+0000 -0.281802129271276E+0001  0.873970972890227E+0000 -0.143714839102458E+0001
 0.194848792785376E+0000  0.812329116238928E+0000  0.273706888373203E+0000 -0.275901457718420E+0001  0.858554824416188E+0000 -0.151491704263338E+0001
 0.205290733511902E+0000  0.812329116238928E+0000  0.299729513650860E+0000 -0.269753319401459E+0001  0.842348666842578E+0000 -0.158836582074818E+0001
 0.214750658013787E+0000  0.812329116238928E+0000  0.323335204133745E+0000 -0.263991535093679E+0001  0.827024644183955E+0000 -0.165071203963802E+0001
 0.224210582515670E+0000  0.812329116238928E+0000  0.346794251753409E+0000 -0.258068663513795E+0001  0.811131229466766E+0000 -0.170868826961726E+0001
 0.233274795076249E+0000  0.812329116238928E+0000  0.368980079387113E+0000 -0.252262275825874E+0001  0.795408123181833E+0000 -0.175984474330993E+0001
 0.242339007636828E+0000  0.812329116238928E+0000  0.390736112832928E+0000 -0.246347070259763E+0001  0.779241729470292E+0000 -0.180646404594787E+0001
 0.251286707835354E+0000  0.812329116238928E+0000  0.411658862524535E+0000 -0.240420323335875E+0001  0.762889368638418E+0000 -0.184785539060903E+0001
 0.260234408033880E+0000  0.812329116238928E+0000  0.431909166977045E+0000 -0.234425519513237E+0001  0.746187717372968E+0000 -0.188452093018751E+0001
 0.269291539044240E+0000  0.812329116238928E+0000  0.451607670189234E+0000 -0.228307170192805E+0001  0.728969709089566E+0000 -0.191674392513849E+0001
 0.278348670054601E+0000  0.812329116238928E+0000  0.470397434442033E+0000 -0.222157135655577E+0001  0.711482260391835E+0000 -0.194401843835889E+0001
 0.287742714793279E+0000  0.812329116238928E+0000  0.488827387621075E+0000 -0.215764420635804E+0001  0.693107508438035E+0000 -0.196710321334990E+0001
 0.297136759531957E+0000  0.812329116238928E+0000  0.506092283296216E+0000 -0.209376815412277E+0001  0.674540507703805E+0000 -0.198496553257631E+0001
 0.307179418591614E+0000  0.812329116238928E+0000  0.523178955703260E+0000 -0.202574638194871E+0001  0.654533774284087E+0000 -0.199842964864781E+0001
 0.317222077651271E+0000  0.812329116238928E+0000  0.538782464591987E+0000 -0.195820255438943E+0001  0.634420208492392E+0000 -0.200628052101449E+0001
 0.328271058146420E+0000  0.812329116238928E+0000  0.554177894043475E+0000 -0.188467089169659E+0001  0.612233461073835E+0000 -0.200874228995075E+0001
 0.339320038641568E+0000  0.812329116238928E+0000  0.567679817497203E+0000 -0.181217830827521E+0001  0.590053512015664E+0000 -0.200512010188658E+0001
 0.351174845285532E+0000  0.812329116238928E+0000  0.580045647560277E+0000 -0.173578254942888E+0001  0.566337232456972E+0000 -0.199496880399774E+0001
 0.363029651929496E+0000  0.812329116238928E+0000  0.590228367297138E+0000 -0.166102627188155E+0001  0.542776975142331E+0000 -0.197889589935682E+0001
 0.375825829814216E+0000  0.812329116238928E+0000  0.598814095867858E+0000 -0.158237579298248E+0001  0.517597600528710E+0000 -0.195558416990945E+0001
 0.388622007698937E+0000  0.812329116238928E+0000  0.604977095075549E+0000 -0.150601687923807E+0001  0.492752271495419E+0000 -0.192680866297310E+0001
 0.401636169121640E+0000  0.812329116238928E+0000  0.608862540469032E+0000 -0.143084511791623E+0001  0.467893597620995E+0000 -0.189268575941001E+0001
 0.414650330544344E+0000  0.812329116238928E+0000  0.610467364828559E+0000 -0.135828049834968E+0001  0.443506957209007E+0000 -0.185438375156355E+0001
 0.426978681605863E+0000  0.812329116238928E+0000  0.610006634999338E+0000 -0.129200099178373E+0001  0.420886168370642E+0000 -0.181485536062687E+0001
 0.439307032667382E+0000  0.812329116238928E+0000  0.607742190205846E+0000 -0.122814280650962E+0001  0.398769385496815E+0000 -0.177270293911436E+0001
 0.451419743355685E+0000  0.812329116238928E+0000  0.603881161821694E+0000 -0.116776345480560E+0001  0.377558795724006E+0000 -0.172918912589430E+0001
 0.463532454043988E+0000  0.812329116238928E+0000  0.598517409854052E+0000 -0.110971104160965E+0001  0.356885823431953E+0000 -0.168399618336964E+0001
 0.475782296885604E+0000  0.812329116238928E+0000  0.591683740733614E+0000 -0.105333880030034E+0001  0.336544122266459E+0000 -0.163694169504839E+0001
 0.488032139727221E+0000  0.812329116238928E+0000  0.583550030253776E+0000 -0.999275418552454E+0000  0.316785523011072E+0000 -0.158884324797133E+0001
 0.500653433119843E+0000  0.812329116238928E+0000  0.573929478131607E+0000 -0.945932977157336E+0000  0.297049373065263E+0000 -0.153847873511408E+0001
 0.513274726512466E+0000  0.812329116238928E+0000  0.563167169805390E+0000 -0.894921738810538E+0000  0.277952750441379E+0000 -0.148753983848667E+0001
 0.526446124327038E+0000  0.812329116238928E+0000  0.550839298374972E+0000 -0.844095800408662E+0000  0.258712108618857E+0000 -0.143398931272948E+0001
 0.539617522141611E+0000  0.812329116238928E+0000  0.537509477748228E+0000 -0.795644840842427E+0000  0.240178402351257E+0000 -0.138022347770309E+0001
 0.553568487300829E+0000  0.812329116238928E+0000  0.522422435156464E+0000 -0.746816601090646E+0000  0.221320692676741E+0000 -0.132320298267040E+0001
 0.567519452460047E+0000  0.812329116238928E+0000  0.506460723701520E+0000 -0.700443740104736E+0000  0.203258233948443E+0000 -0.126623515738624E+0001
 0.582484004150605E+0000  0.812329116238928E+0000  0.488497725552484E+0000 -0.653306976488492E+0000  0.184765859462994E+0000 -0.120529001695473E+0001
 0.597448555841162E+0000  0.812329116238928E+0000  0.469791759777728E+0000 -0.608736238147183E+0000  0.167183806013852E+0000 -0.114457989409543E+0001
 0.613919560784905E+0000  0.812329116238928E+0000  0.448488550063956E+0000 -0.562488586046261E+0000  0.148879634920955E+0000 -0.107806870089484E+0001
 0.630390565728648E+0000  0.812329116238928E+0000  0.426581814939652E+0000 -0.519020965247257E+0000  0.131668253989381E+0000 -0.101188462936738E+0001
 0.650457430781395E+0000  0.812329116238928E+0000  0.399277354340827E+0000 -0.469583802631316E+0000  0.112168625616454E+0000 -0.931646303596403E+0000
 0.670524295834142E+0000  0.812329116238928E+0000  0.371515530392608E+0000 -0.423748898536428E+0000  0.942755691771355E-0001 -0.851742472727695E+0000
 0.690283484197923E+0000  0.812329116238928E+0000  0.343944193317541E+0000 -0.381878410419853E+0000  0.782213838398720E-0001 -0.773264179851861E+0000
 0.710042672561703E+0000  0.812329116238928E+0000  0.316337898731742E+0000 -0.343004991977460E+0000  0.637169236922242E-0001 -0.694863103868465E+0000
 0.724099503986494E+0000  0.812329116238928E+0000  0.296782097810679E+0000 -0.317051227785973E+0000  0.543413532837686E-0001 -0.639087120354133E+0000
 0.738156335411286E+0000  0.812329116238928E+0000  0.277371738473902E+0000 -0.292424956241240E+0000  0.457498923737152E-0001 -0.583301898496659E+0000
 0.749840416420274E+0000  0.812329116238928E+0000  0.261395741603547E+0000 -0.272913539575642E+0000  0.392053905294665E-0001 -0.536945307382326E+0000
 0.761524497429263E+0000  0.812329116238928E+0000  0.245602883692230E+0000 -0.254229000411949E+0000  0.332022605975145E-0001 -0.490642848788681E+0000
 0.771697872650661E+0000  0.812329116238928E+0000  0.232029648181076E+0000 -0.238603597547186E+0000  0.284154411541196E-0001 -0.450426723278509E+0000
 0.781871247872060E+0000  0.812329116238928E+0000  0.218646607865610E+0000 -0.223551127108359E+0000  0.240369752194290E-0001 -0.410378233721601E+0000
 0.791009862171340E+0000  0.812329116238928E+0000  0.206805872325550E+0000 -0.210498445628984E+0000  0.204502363222459E-0001 -0.374628541743846E+0000
 0.800148476470619E+0000  0.812329116238928E+0000  0.195153151970823E+0000 -0.197871892600373E+0000  0.171888520728259E-0001 -0.339192154473313E+0000
 0.808488445653832E+0000  0.812329116238928E+0000  0.184695807260303E+0000 -0.186706761790314E+0000  0.144935696325123E-0001 -0.307230634532261E+0000
 0.816828414837045E+0000  0.812329116238928E+0000  0.174418624901183E+0000 -0.175870639472300E+0000  0.120629291681082E-0001 -0.275750106922748E+0000
 0.824686779182032E+0000  0.812329116238928E+0000  0.164908778000066E+0000 -0.165950622641751E+0000  0.100107114884464E-0001 -0.246654558667646E+0000
 0.832545143527019E+0000  0.812329116238928E+0000  0.155575347183109E+0000 -0.156302373249070E+0000  0.818451130536561E-0002 -0.218252714300401E+0000
 0.840158786819961E+0000  0.812329116238928E+0000  0.146707077834612E+0000 -0.147204780729319E+0000  0.662502115433190E-0002 -0.191551828752948E+0000
 0.847772430112903E+0000  0.812329116238928E+0000  0.138015649760689E+0000 -0.138344846481226E+0000  0.526522089539292E-0002 -0.165827195336280E+0000
 0.855767556182853E+0000  0.812329116238928E+0000  0.129083406947621E+0000 -0.129287724471352E+0000  0.404329539331854E-0002 -0.140074918674820E+0000
 0.863762682252804E+0000  0.812329116238928E+0000  0.120353708465731E+0000 -0.120474151356479E+0000  0.302130258493344E-0002 -0.115856070341774E+0000
 0.873456431415982E+0000  0.812329116238928E+0000  0.110043243455985E+0000 -0.110101648072326E+0000  0.203107553152318E-0002 -0.889262364766701E-0001
 0.883150180579159E+0000  0.812329116238928E+0000  0.100032724832233E+0000 -0.100058043063000E+0000  0.128716117230866E-0002 -0.651163395963670E-0001
 0.889453910335912E+0000  0.812329116238928E+0000  0.936824401287145E-0001 -0.936960933198351E-0001  0.920351762962941E-0003 -0.515235264846843E-0001
 0.895757640092665E+0000  0.812329116238928E+0000  0.874559502875161E-0001 -0.874628105820319E-0001  0.634181926405677E-0003 -0.395471655368544E-0001
 0.900963992574554E+0000  0.812329116238928E+0000  0.824052465405742E-0001 -0.824088959471468E-0001  0.451224161663901E-0003 -0.309306653654774E-0001
 0.906170345056443E+0000  0.812329116238928E+0000  0.774361571779522E-0001 -0.774379731299257E-0001  0.310060809783602E-0003 -0.234941904490131E-0001
 0.910867734185639E+0000  0.812329116238928E+0000  0.730215980594961E-0001 -0.730225029549806E-0001  0.213451310514227E-0003 -0.177983455667140E-0001
 0.915565123314835E+0000  0.812329116238928E+0000  0.686710194357623E-0001 -0.686714381940234E-0001  0.141372511985264E-0003 -0.130449580816835E-0001
 0.920067933815337E+0000  0.812329116238928E+0000  0.645595544457284E-0001 -0.645597390090077E-0001  0.912850385105872E-0004 -0.933658595312851E-0002
 0.924570744315840E+0000  0.812329116238928E+0000  0.605046029339171E-0001 -0.605046772000400E-0001  0.561257805589497E-0004 -0.640375742541005E-0002
 0.929245217107216E+0000  0.812329116238928E+0000  0.563536365526596E-0001 -0.563536624925221E-0001  0.318489496092190E-0004 -0.410166707043787E-0002
 0.933919689898593E+0000  0.812329116238928E+0000  0.522610956004258E-0001 -0.522611037954999E-0001  0.167544186603670E-0004 -0.245697025880240E-0002
 0.939405466201853E+0000  0.812329116238928E+0000  0.475310948631283E-0001 -0.475310970167907E-0001  0.699330116600018E-0005 -0.120995710324006E-0002
 0.944891242505114E+0000  0.812329116238928E+0000  0.428778935442378E-0001 -0.428778944781897E-0001  0.247341754372251E-0005 -0.513296163552170E-0003
 0.949989425356385E+0000  0.812329116238928E+0000  0.386206474990913E-0001 -0.386206482598691E-0001  0.774257613836958E-0006 -0.193681854444423E-0003
 0.955087608207655E+0000  0.812329116238928E+0000  0.344266108897183E-0001 -0.344266116309481E-0001  0.188137570686399E-0006 -0.579294390334041E-0004
 0.959451351088151E+0000  0.812329116238928E+0000  0.308858851687768E-0001 -0.308858859087117E-0001  0.426791250223390E-0007 -0.160217513046050E-0004
 0.963815093968648E+0000  0.812329116238928E+0000  0.273895448437536E-0001 -0.273895455836126E-0001  0.684768801359042E-0008 -0.320756252699211E-0005
 0.968819983773376E+0000  0.812329116238928E+0000  0.234330508421044E-0001 -0.234330515819612E-0001  0.455013216589004E-0009 -0.284707852261550E-0006
 0.973824873578105E+0000  0.812329116238928E+0000  0.195325779754213E-0001 -0.195325787152781E-0001  0.119883252099513E-0010 -0.872496687099840E-0008
 0.986912436789052E+0000  0.812329116238928E+0000  0.958910009139848E-0002 -0.958910083125526E-0002 -0.243867196258559E-0012  0.237730441833085E-0009
 0.100000000000000E+0001  0.812329116238928E+0000 -0.739856786128238E-0009  0.000000000000000E+0000  0.000000000000000E+0000 -0.180533530992530E-0010
